** 정렬 전 배열 **
[91, 82, 58, 25, 93, 74, 86, 87, 70, 5, 5, 45, 68, 64, 11, 67, 35, 63, 88, 3, 46, 57, 13, 16, 12, 30, 23, 81, 79, 43]

** 정렬 후 배열(선택 정렬) **
[3, 5, 5, 11, 12, 13, 16, 23, 25, 30, 35, 43, 45, 46, 57, 58, 63, 64, 67, 68, 70, 74, 79, 81, 82, 86, 87, 88, 91, 93]

** 정렬 후 배열(삽입 정렬) **
[3, 5, 5, 11, 12, 13, 16, 23, 25, 30, 35, 43, 45, 46, 57, 58, 63, 64, 67, 68, 70, 74, 79, 81, 82, 86, 87, 88, 91, 93]

** 정렬 후 배열(버블 정렬) **
[3, 5, 5, 11, 12, 13, 16, 23, 25, 30, 35, 43, 45, 46, 57, 58, 63, 64, 67, 68, 70, 74, 79, 81, 82, 86, 87, 88, 91, 93]